Launching Tester
Searching for the dataset...

Dataset found

******* Starting KMeansDE ****************************************************************************************************************
Dataset: bupa
Dataset will not be scaled
Number of clusters: 3
Tolerance: 0.0001
Size of population: 100
Fit maximum iteration limit: 5000
KMeans subroutine maximum iteration limit: 5000

Cntroids:
 [[ 90.74603175  78.14285714  48.11111111  32.52380952  75.68253968
    5.26984127]
 [ 89.82222222  67.72962963  24.46666667  21.76666667  22.78888889
    2.89444444]
 [ 94.66666667  74.58333333  71.08333333  48.         190.58333333
    6.54166667]]
Membership Vector:
 [1 1 1 1 1 1 1 1 1 1 1 1 1 1 1 1 1 1 0 1 1 1 1 1 0 1 1 1 1 1 1 1 1 1 1 0 1
 1 1 1 0 1 1 1 1 1 1 1 1 1 1 1 0 1 1 1 1 1 1 1 1 1 1 1 1 1 1 1 1 1 0 1 1 1
 1 1 2 1 1 1 0 1 1 1 2 1 1 1 1 1 1 1 1 1 1 1 0 0 1 1 1 0 1 1 1 1 1 1 1 0 1
 1 1 1 2 1 1 1 1 1 1 1 1 1 1 1 1 0 1 1 1 1 0 2 1 1 1 1 0 1 1 1 1 1 1 0 0 0
 1 1 0 1 1 1 0 0 0 0 0 1 0 1 1 1 1 1 0 0 0 1 1 0 1 1 0 1 0 1 2 1 0 0 0 1 0
 0 0 1 0 2 1 1 1 1 1 1 1 1 1 1 1 1 0 1 0 1 1 1 1 1 1 1 1 1 1 1 1 0 1 0 1 1
 1 1 1 1 1 0 1 0 1 1 2 1 0 1 1 1 1 1 1 1 1 1 1 1 1 1 1 0 1 0 1 1 1 1 1 1 1
 1 0 1 1 1 0 1 1 1 1 1 1 1 1 1 1 1 0 0 1 1 1 1 1 1 1 0 1 1 1 1 1 1 1 0 0 1
 1 0 1 2 1 1 1 1 1 1 0 1 1 1 0 0 1 1 1 2 0 1 1 1 1 1 2 1 1 1 1 1 1 1 2 1 1
 0 0 1 1 1 1 0 1 2 0 1 0]
MSSC:
 322713.73458994704
Time:
 12.512890577316284

******* Ending KMeansDE **************************************************************************************************


******* Starting Particle Swarm Clustering *********************************************************************************************
Dataset: bupa
Dataset will not be scaled
Number of clusters: 3
Tolerance: 0.001
Size of population: 20
Fit maximum iteration limit: 5000

Centroids:
 [[ 90.93421052  75.75        41.55263158  30.18421055  65.52631579
    5.15789474]
 [ 93.66666667  76.66666667  74.27777778  46.22222238 165.44444445
    6.08333334]
 [ 89.67330685  67.60159369  23.88446215  21.41832669  20.91633466
    2.75099601]]
Membership Vector:
 [2 2 0 2 2 2 2 2 2 2 2 2 2 2 2 2 2 2 0 2 2 2 2 2 0 2 2 2 2 2 2 2 2 2 2 1 2
 2 2 2 0 2 2 2 2 2 2 0 2 2 2 2 0 2 2 2 2 2 2 2 2 2 2 2 2 2 2 2 2 2 0 2 2 2
 2 2 1 2 2 2 0 0 2 2 1 2 2 2 2 2 2 2 2 2 2 2 0 0 2 2 2 0 2 2 2 2 2 2 2 0 2
 2 2 2 1 2 2 2 2 2 0 2 2 2 2 2 0 0 2 2 2 2 0 1 2 2 2 2 0 2 2 2 2 2 2 0 0 0
 2 2 0 2 2 2 0 0 0 0 0 2 0 2 2 2 2 2 0 1 0 0 2 0 2 2 1 0 0 2 1 0 0 0 0 2 0
 0 0 0 0 1 2 2 2 2 2 2 2 2 2 2 2 2 0 2 1 2 2 2 2 2 2 2 2 2 2 2 2 0 2 0 2 2
 2 2 2 2 2 0 0 0 2 2 1 2 0 2 2 2 2 2 2 2 2 2 2 2 2 2 2 0 2 0 2 0 0 2 2 2 2
 2 0 2 2 2 0 2 2 2 2 2 2 2 2 2 2 2 0 0 2 0 2 2 2 2 2 0 2 2 0 2 2 2 2 0 0 0
 2 0 2 1 2 2 2 2 0 2 0 2 2 2 0 0 2 2 2 1 1 2 2 0 2 2 1 2 2 2 2 2 2 2 1 0 2
 1 0 2 2 0 2 0 2 1 0 2 0]
MSSC:
 325532.0017736073
Time:
 88.119544506073

******* Ending Particle Swarm Clustering **********************************************************************************


******* Starting KMeansDE ****************************************************************************************************************
Dataset: bupa
Dataset will not be scaled
Number of clusters: 5
Tolerance: 0.0001
Size of population: 100
Fit maximum iteration limit: 5000
KMeans subroutine maximum iteration limit: 5000

Cntroids:
 [[ 89.67961165  60.40776699  23.63106796  21.23300971  21.19417476
    2.69417476]
 [ 90.3902439   92.12195122  31.1097561   24.85365854  32.79268293
    3.65853659]
 [ 94.11111111  81.55555556  48.66666667  41.55555556 206.33333333
    7.66666667]
 [ 90.55813953  71.48837209  45.58139535  32.30232558  85.34883721
    5.86046512]
 [ 95.6         59.8        134.6         65.4        125.2
    3.2       ]]
Membership Vector:
 [1 0 0 1 0 0 0 0 0 0 0 0 0 0 0 0 0 0 1 1 0 0 0 0 3 0 0 0 1 0 0 0 1 1 0 4 0
 0 1 0 1 0 1 1 0 0 0 0 0 0 0 0 3 0 0 0 1 0 0 0 0 0 0 0 0 0 0 0 0 0 3 0 0 0
 0 1 2 0 0 1 1 0 1 0 2 0 0 0 0 0 0 0 0 0 0 0 0 3 0 0 0 3 0 1 1 0 1 1 0 1 0
 1 0 0 2 0 0 0 1 0 0 1 1 0 1 0 1 3 0 0 0 0 3 4 0 0 0 0 3 0 0 0 0 0 0 1 1 3
 0 0 3 1 0 0 3 3 3 1 1 0 1 0 0 1 0 0 3 3 3 1 1 3 0 1 3 1 3 0 2 0 3 3 1 0 3
 3 3 1 3 2 0 0 1 1 0 1 0 0 0 1 0 0 1 1 3 1 0 1 1 0 1 0 1 1 0 1 0 1 0 1 1 0
 0 0 0 0 1 3 1 3 0 0 4 1 3 0 0 0 0 0 0 0 0 0 0 0 0 0 0 3 1 3 0 0 1 0 0 0 0
 0 3 1 0 0 3 1 0 1 0 0 0 0 0 0 0 0 3 3 0 0 0 0 0 0 0 1 0 0 1 0 0 0 0 3 1 0
 0 1 0 4 0 0 0 0 1 0 3 0 0 1 3 3 0 0 0 2 4 0 1 1 1 0 2 0 0 0 1 0 1 0 2 1 1
 3 1 0 1 1 1 3 1 2 3 0 3]
MSSC:
 218255.95536165
Time:
 37.70128297805786

******* Ending KMeansDE **************************************************************************************************


******* Starting Particle Swarm Clustering *********************************************************************************************
Dataset: bupa
Dataset will not be scaled
Number of clusters: 5
Tolerance: 0.001
Size of population: 20
Fit maximum iteration limit: 5000

Centroids:
 [[ 94.66666667  74.58333333  71.08333333  48.         190.58333332
    6.54166667]
 [ 89.26582279  62.99367089  20.86708861  20.00632911  16.01898733
    2.50632911]
 [ 90.96103898  59.88311688  32.77922078  25.12987014  39.24675327
    3.81168831]
 [ 90.97435898  73.20512821  51.8974359   34.69230752  89.46153846
    5.93589743]
 [ 90.05084745  98.15254237  30.37288135  25.03389831  31.84745769
    3.26271186]]
Membership Vector:
 [4 2 2 2 1 1 1 1 1 1 1 1 2 1 1 1 1 1 4 4 1 2 1 1 3 1 1 1 4 1 1 2 2 4 1 3 2
 1 4 2 4 2 4 1 1 1 1 2 1 2 1 1 3 2 1 1 1 1 2 1 2 1 1 1 1 1 1 1 1 1 2 2 1 1
 1 4 0 2 1 4 4 2 4 1 0 1 2 1 1 1 1 1 2 1 2 1 2 3 2 1 1 3 1 1 4 1 4 4 1 4 1
 4 1 1 0 1 1 1 4 1 2 4 4 1 4 1 2 3 1 1 2 1 3 0 1 1 1 1 3 1 1 2 1 2 1 2 2 3
 1 1 3 4 1 1 3 2 3 4 4 1 4 1 2 2 1 2 3 3 3 2 4 3 1 4 3 2 2 1 0 2 3 3 2 1 3
 3 3 4 3 0 1 1 4 4 1 1 1 1 1 4 1 1 4 1 3 4 1 4 4 1 4 1 4 4 1 4 1 4 1 4 4 1
 1 1 1 1 4 3 2 2 2 1 0 2 2 2 1 2 1 1 1 1 1 2 1 1 1 1 1 3 4 3 1 2 4 1 1 1 1
 2 3 4 2 1 3 4 1 4 2 1 1 1 1 1 1 2 3 3 2 2 1 1 1 1 1 4 1 2 2 2 2 1 1 3 4 2
 2 2 1 0 2 1 1 2 4 2 3 2 1 4 3 3 2 1 1 0 3 1 2 4 4 2 0 1 1 2 2 2 4 2 0 2 4
 3 4 2 4 4 1 2 2 0 3 1 3]
MSSC:
 230419.24587246316
Time:
 78.70894265174866

******* Ending Particle Swarm Clustering **********************************************************************************


******* Starting KMeansDE ****************************************************************************************************************
Dataset: bupa
Dataset will not be scaled
Number of clusters: 7
Tolerance: 0.0001
Size of population: 100
Fit maximum iteration limit: 5000
KMeans subroutine maximum iteration limit: 5000

Cntroids:
 [[ 89.54597701  61.56896552  22.06321839  20.50574713  17.50574713
    2.58333333]
 [ 89.9         96.85        27.28333333  23.38333333  28.61666667
    3.1       ]
 [ 89.56521739  77.7826087   45.39130435  31.26086957 105.73913043
    5.7173913 ]
 [ 91.21568627  60.17647059  28.15686275  23.64705882  50.35294118
    4.10784314]
 [ 95.          80.5         49.375       43.25       212.625
    8.375     ]
 [ 90.83333333  74.16666667  61.08333333  38.875       46.58333333
    5.52083333]
 [ 95.6         59.8        134.6         65.4        125.2
    3.2       ]]
Membership Vector:
 [1 5 3 1 0 0 0 0 0 0 0 0 5 0 0 0 0 0 1 1 0 0 0 0 2 0 0 0 1 0 0 3 1 1 0 6 0
 0 1 3 5 3 1 1 0 0 0 3 0 3 0 0 2 3 0 0 1 0 3 0 0 0 0 0 0 0 0 0 0 0 3 3 0 0
 0 1 2 0 0 1 1 3 1 0 4 0 0 0 0 0 0 0 5 0 0 0 3 2 3 0 0 3 0 1 1 0 1 1 0 1 0
 1 0 0 4 0 0 0 1 0 5 1 1 0 1 0 3 3 0 0 0 0 2 6 0 0 0 0 2 0 0 0 0 3 0 3 5 5
 0 0 2 1 0 0 3 3 5 5 1 0 3 0 0 3 0 0 2 2 5 3 1 3 0 1 2 3 3 0 4 3 5 2 5 0 3
 5 2 1 2 4 0 0 1 1 0 1 0 0 0 1 0 0 1 0 2 1 0 1 1 0 1 0 1 1 0 1 0 1 0 1 1 0
 0 0 0 0 1 5 3 3 0 0 6 3 3 0 0 0 0 0 0 0 0 3 0 0 0 0 0 2 1 2 0 3 5 0 0 0 0
 0 5 1 0 0 3 1 0 1 3 0 0 0 0 0 0 3 2 5 3 3 0 0 0 0 0 5 0 0 5 3 3 0 0 2 5 3
 0 3 0 6 0 0 0 3 1 0 2 0 0 1 2 2 3 0 0 4 6 0 3 1 1 3 4 0 0 5 5 0 1 3 4 3 1
 2 1 3 1 1 1 5 3 4 2 0 5]
MSSC:
 164199.02366555692
Time:
 17.292543411254883

******* Ending KMeansDE **************************************************************************************************


******* Starting Particle Swarm Clustering *********************************************************************************************
Dataset: bupa
Dataset will not be scaled
Number of clusters: 7
Tolerance: 0.001
Size of population: 20
Fit maximum iteration limit: 5000

Centroids:
 [[ 90.69230769  72.96153846  41.5         30.          99.11538462
    5.90384615]
 [ 90.95744656  83.04255319  31.89361702  25.06382979  45.38297872
    3.80851064]
 [ 89.44520548  64.80136986  20.46575342  19.98630137  15.93835616
    2.47945205]
 [ 91.94444444  72.88888889  79.94444446  46.77777777  63.5
    6.55555556]
 [ 89.35483871 103.87096774  25.32258065  23.12903226  21.58064516
    3.46774194]
 [ 90.09090909  52.42424236  30.31818182  23.83333333  33.22727273
    2.99242424]
 [ 94.72727273  77.45454545  63.54545455  44.90909092 196.90909102
    6.77272698]]
Membership Vector:
 [1 5 5 1 2 2 2 2 2 2 2 2 5 2 2 2 2 2 1 4 2 5 2 2 0 2 5 2 4 5 2 5 1 1 2 3 5
 2 1 5 3 1 4 2 2 2 2 5 2 5 2 2 0 5 5 2 2 2 5 2 5 2 2 2 2 2 2 5 2 2 1 5 2 2
 2 1 6 2 2 1 1 5 4 2 6 2 5 2 2 2 2 2 5 2 5 5 5 0 5 2 2 0 2 2 4 5 1 4 2 1 2
 4 5 2 6 2 5 2 4 2 5 4 4 2 4 2 1 0 2 2 2 2 0 6 2 2 2 2 0 2 2 5 2 5 2 1 3 3
 2 2 0 1 2 2 0 5 3 1 1 2 1 2 5 1 2 5 3 0 3 1 4 0 2 4 0 1 1 2 6 5 3 0 3 2 0
 3 0 1 0 6 2 2 4 4 2 2 2 2 2 4 2 2 1 2 0 1 2 4 2 2 4 2 4 4 2 4 2 1 5 4 1 2
 2 2 2 2 1 1 1 5 5 5 6 1 1 5 2 5 2 2 2 2 2 5 2 2 2 2 2 0 1 0 2 5 1 2 5 2 2
 5 3 4 5 5 1 4 2 4 5 2 2 2 2 2 2 5 0 3 5 5 5 5 2 2 2 3 2 5 1 5 5 2 2 0 1 5
 5 1 2 3 5 2 2 5 1 2 0 5 2 4 0 0 5 2 5 6 3 2 1 1 4 5 6 2 2 3 1 5 4 5 6 1 1
 0 4 5 4 1 4 3 1 6 0 2 3]
MSSC:
 190229.2502764514
Time:
 70.73110818862915

******* Ending Particle Swarm Clustering **********************************************************************************



Process finished with exit code 0