C:\Users\mistr\OneDrive\Desktop\pythonProject\KMeanDE\venv\Scripts\python.exe C:/Users/mistr/OneDrive/Desktop/pythonProject/KMeanDE/main.py
Launching Tester
Searching for the dataset...

Dataset found

******* Starting KMeansDE ****************************************************************************************************************
Dataset: bupa
Dataset will be scaled
Number of clusters: 3
Tolerance: 0.0001
Size of population: 100
Fit maximum iteration limit: 5000
KMeans subroutine maximum iteration limit: 5000

Cntroids:
 [[-0.14953519 -0.53376218 -0.34245845 -0.39191609 -0.35007561 -0.27726422]
 [ 0.62881225  0.24754008  1.82928579  1.88813572  1.81562571  1.13145048]
 [ 0.05368038  1.09347714 -0.05283579  0.03226537 -0.02946668  0.11510287]]
Membership Vector:
 [2 0 0 2 0 0 0 0 0 0 0 0 0 0 0 2 0 0 2 2 0 0 0 0 2 0 0 0 2 0 0 0 0 2 0 1 0
 0 2 0 2 0 2 0 0 0 0 0 0 0 0 0 1 0 0 0 0 0 0 0 0 0 0 0 0 0 0 0 2 0 0 0 0 0
 0 0 1 0 0 2 2 0 2 0 1 0 0 0 2 2 0 0 2 0 0 0 0 2 0 2 0 0 0 2 2 0 2 2 0 2 2
 2 0 2 1 0 0 0 2 0 1 2 2 0 2 0 2 0 0 0 0 0 1 1 0 0 0 0 2 0 2 0 0 0 0 2 1 1
 0 0 1 2 0 0 0 0 1 2 2 0 2 0 0 2 0 0 1 1 1 2 2 0 0 2 1 2 2 0 1 0 1 2 1 0 1
 1 1 2 1 1 0 0 2 2 0 2 0 0 0 2 0 0 2 2 2 0 0 2 2 0 2 0 2 2 0 2 0 2 0 2 2 0
 0 0 0 0 2 2 0 0 0 0 1 0 0 0 0 0 0 0 0 0 0 0 0 0 0 0 0 0 2 2 0 0 2 0 0 0 0
 0 2 2 0 0 2 2 0 2 0 0 0 0 0 0 0 0 0 1 0 0 0 0 0 0 0 1 0 0 2 0 0 0 0 0 1 0
 0 2 0 1 0 0 0 0 2 2 1 0 0 2 1 1 0 0 0 1 1 2 2 2 2 0 1 0 0 1 2 0 2 0 1 2 2
 1 2 0 2 2 2 1 2 1 1 2 1]
MSSC:
 1291.8967633496004
Time:
 40.01260185241699

******* Ending KMeansDE **************************************************************************************************


******* Starting Particle Swarm Clustering *********************************************************************************************
Dataset: bupa
Dataset will be scaled
Number of clusters: 3
Tolerance: 0.001
Size of population: 20
Fit maximum iteration limit: 5000

Centroids:
 [[ 0.64465015  0.29243436  1.72652642  1.81749253  1.78842978  1.17609788]
 [-0.48838309  0.992806   -0.09580068 -0.09622065 -0.1523134  -0.32479007]
 [ 0.1077913  -0.57353428 -0.33264067 -0.35253852 -0.31736153 -0.09356642]]
Membership Vector:
 [1 1 2 1 1 2 2 2 2 2 2 2 2 1 2 1 2 1 1 1 2 2 2 2 1 2 2 2 1 2 1 2 2 1 2 0 2
 2 1 2 1 1 1 1 2 2 2 2 2 2 1 2 0 2 2 1 1 2 2 2 2 2 2 2 1 1 2 2 2 2 2 2 2 2
 2 1 0 2 2 2 1 2 1 2 0 2 2 2 2 1 2 2 2 2 2 2 1 1 2 2 2 2 2 1 1 2 1 1 2 1 1
 1 2 1 0 2 2 2 1 2 0 1 1 2 1 2 2 2 2 2 2 2 0 0 2 2 2 2 2 2 2 2 2 2 2 1 0 0
 2 2 0 1 2 2 2 2 0 1 1 2 1 2 2 2 2 2 0 0 0 2 1 2 2 1 0 2 2 2 0 2 0 0 0 2 0
 0 0 0 0 0 1 2 1 1 2 1 2 1 2 1 2 2 1 1 1 1 2 1 1 1 1 1 1 1 2 1 1 1 2 1 1 1
 1 1 2 2 1 1 1 2 2 2 0 2 1 2 2 2 2 2 2 2 2 2 2 1 2 2 2 2 1 1 2 2 1 1 2 2 2
 2 1 1 2 2 1 1 1 1 2 2 2 2 2 2 2 2 1 0 2 2 2 2 1 1 2 0 2 2 1 2 2 2 2 2 0 2
 2 1 2 0 2 2 2 2 1 2 0 2 2 1 0 0 2 2 2 0 0 2 2 1 1 2 0 2 2 0 2 2 1 2 0 2 2
 0 1 2 1 1 1 0 2 0 0 2 0]
MSSC:
 1293.6725395563465
Time:
 61.616809606552124

******* Ending Particle Swarm Clustering **********************************************************************************


******* Starting KMeansDE ****************************************************************************************************************
Dataset: bupa
Dataset will be scaled
Number of clusters: 5
Tolerance: 0.0001
Size of population: 100
Fit maximum iteration limit: 5000
KMeans subroutine maximum iteration limit: 5000

Cntroids:
 [[ 1.22490203 -0.54961695  5.34767764  4.05541689  2.21737442 -0.07652952]
 [-0.53212313 -0.4807768  -0.34657835 -0.4214287  -0.42289679 -0.52024812]
 [-0.34762701  1.35067617  0.03286576  0.04619093 -0.08221199 -0.24270027]
 [ 0.86222792 -0.32037257 -0.26684833 -0.20895737 -0.12787283  0.49776802]
 [ 0.42689935  0.41951668  1.29506668  1.60818339  1.89408434  1.30111059]]
Membership Vector:
 [2 1 1 2 1 3 1 1 1 1 1 1 1 1 3 2 1 1 2 2 1 1 1 3 2 1 1 1 2 1 1 1 1 2 1 0 1
 1 2 1 2 1 2 1 1 1 1 3 1 1 1 1 4 3 1 1 1 1 3 1 1 1 1 1 1 1 1 1 3 1 1 1 1 1
 1 1 4 3 1 3 2 1 2 3 4 3 1 1 3 2 1 1 3 1 1 1 1 2 1 3 1 3 1 2 2 1 2 2 1 2 2
 2 1 2 4 1 3 1 2 1 3 2 2 1 2 1 3 3 1 1 3 3 4 0 1 1 1 3 3 3 3 3 3 3 3 3 3 4
 3 3 4 3 3 1 3 3 4 2 2 3 3 3 3 3 1 3 4 4 4 3 2 3 3 3 4 3 3 3 4 3 4 4 4 3 3
 4 4 3 4 4 1 1 2 2 3 2 1 1 3 2 1 1 2 2 2 1 1 2 2 1 2 1 2 2 1 2 1 2 1 2 2 1
 1 1 1 1 2 2 1 1 1 1 0 3 1 1 3 1 1 1 1 1 1 1 1 1 1 1 1 1 2 2 3 3 2 1 1 1 1
 1 2 2 3 1 2 2 1 2 1 3 1 3 1 1 1 1 1 4 3 3 1 1 1 1 3 4 3 3 2 3 1 1 3 4 4 1
 1 2 3 0 3 1 3 3 2 3 4 1 3 3 4 4 3 3 3 4 0 3 3 3 2 3 4 1 3 4 3 3 2 1 4 3 3
 4 2 3 2 2 2 4 3 4 4 3 4]
MSSC:
 1025.614542510039
Time:
 30.177634477615356

******* Ending KMeansDE **************************************************************************************************


******* Starting Particle Swarm Clustering *********************************************************************************************
Dataset: bupa
Dataset will be scaled
Number of clusters: 5
Tolerance: 0.001
Size of population: 20
Fit maximum iteration limit: 5000

Centroids:
 [[-0.28860238  1.62118693 -0.08576796 -0.08839655 -0.16916807 -0.28961242]
 [ 0.3675798  -0.32685756 -0.44259981 -0.53888667 -0.42427488 -0.5672725 ]
 [ 0.73845924 -0.18722559 -0.14602698 -0.08211989 -0.02193537  1.00448951]
 [-1.02800064 -0.51590807 -0.14265151 -0.1307285  -0.25395346 -0.41843243]
 [ 0.57436066  0.33892046  1.88221782  2.0019787   1.99206571  1.13859406]]
Membership Vector:
 [0 3 3 1 3 1 1 1 1 1 1 3 3 3 1 1 1 1 0 0 1 1 1 1 3 1 1 1 0 3 3 1 1 0 1 4 3
 3 0 1 0 3 0 0 3 3 1 1 1 3 1 3 4 1 3 3 3 3 1 1 3 1 1 1 3 1 1 3 1 1 1 1 3 1
 3 1 4 1 1 1 0 3 0 1 4 1 3 1 1 3 3 3 2 1 3 1 3 0 1 1 3 1 3 0 0 3 0 0 1 0 3
 0 3 0 4 3 1 3 0 1 2 0 0 1 0 1 2 2 3 1 2 2 4 4 3 3 3 2 2 2 2 2 2 2 2 2 2 4
 2 2 4 2 2 3 2 2 4 2 0 2 2 2 2 2 3 2 4 4 4 2 0 2 2 2 4 2 2 2 4 2 4 2 4 2 2
 4 4 2 4 4 3 1 0 0 1 1 3 3 1 0 1 3 0 3 0 1 1 0 0 3 0 3 0 0 1 0 1 0 3 0 0 1
 3 3 1 3 0 3 3 3 1 3 4 1 3 1 1 1 1 3 3 3 3 3 1 1 1 1 1 3 0 3 1 1 3 3 3 3 3
 1 3 1 1 1 3 0 0 0 3 1 1 1 1 1 1 3 3 4 1 2 3 3 3 3 2 4 1 1 3 1 1 3 1 3 4 3
 3 3 1 4 2 1 1 2 0 2 4 3 2 2 4 4 2 2 2 4 4 2 2 2 0 2 4 3 2 2 2 2 0 3 4 2 2
 4 0 2 0 2 2 4 2 4 4 2 4]
MSSC:
 1050.3788566609671
Time:
 68.5799081325531

******* Ending Particle Swarm Clustering **********************************************************************************


******* Starting KMeansDE ****************************************************************************************************************
Dataset: bupa
Dataset will be scaled
Number of clusters: 7
Tolerance: 0.0001
Size of population: 100
Fit maximum iteration limit: 5000
KMeans subroutine maximum iteration limit: 5000

Cntroids:
 [[ 0.41439147 -0.31354982 -0.41805463 -0.52526856 -0.39337718 -0.5600162 ]
 [ 0.90970348  0.8513209   0.95433143  1.48822638  3.14940227  2.06368815]
 [-0.27510536  1.62752234 -0.10102115 -0.07853927 -0.16403753 -0.26779898]
 [-1.01832922 -0.5703333  -0.28211371 -0.27999619 -0.36759973 -0.45020389]
 [ 0.72305365 -0.20416575 -0.25344142 -0.12661926 -0.04839473  0.99583761]
 [-0.05041745  0.15501899  1.43446047  1.42210469  0.7309469   0.4490078 ]
 [ 1.22490203 -0.54961695  5.34767764  4.05541689  2.21737442 -0.07652952]]
Membership Vector:
 [2 3 3 0 3 0 3 0 0 0 3 3 5 3 0 0 0 0 2 2 0 0 0 0 5 0 0 3 2 3 3 0 0 2 0 6 3
 3 2 0 5 3 2 3 3 3 0 0 0 3 0 3 5 0 3 3 3 3 0 0 3 0 0 0 3 0 0 3 0 0 0 0 3 0
 3 0 5 0 0 0 2 3 2 0 1 0 3 0 0 3 3 3 4 3 3 0 3 2 0 0 3 0 3 2 2 3 2 2 0 2 5
 2 3 2 1 3 0 3 2 0 5 2 2 0 2 0 4 4 3 0 4 4 5 6 3 3 3 4 4 4 4 4 4 4 4 4 5 5
 4 4 5 4 4 3 4 4 5 5 2 4 4 4 4 4 3 4 5 1 5 4 2 4 4 4 5 4 4 4 1 4 5 1 5 4 4
 5 1 4 1 1 3 3 2 2 0 0 3 3 0 2 0 3 2 3 2 0 0 2 2 3 2 3 2 2 0 2 0 2 3 2 2 0
 3 3 0 3 2 5 3 3 0 3 6 0 3 0 0 0 0 3 3 3 3 3 0 0 0 0 0 0 2 3 0 0 2 3 3 3 3
 0 5 0 0 0 3 2 2 2 3 0 3 0 0 0 0 3 3 5 0 4 3 3 3 3 4 5 0 0 5 0 0 3 0 5 5 3
 3 4 0 6 4 0 0 4 2 4 5 3 4 4 5 5 4 4 4 1 6 4 4 4 2 4 1 3 4 5 4 4 2 3 1 4 4
 1 2 4 2 4 4 5 4 1 1 4 1]
MSSC:
 862.6418095794962
Time:
 30.14428210258484

******* Ending KMeansDE **************************************************************************************************


******* Starting Particle Swarm Clustering *********************************************************************************************
Dataset: bupa
Dataset will be scaled
Number of clusters: 7
Tolerance: 0.001
Size of population: 20
Fit maximum iteration limit: 5000

Centroids:
 [[-0.17782941  1.68492243 -0.09335042 -0.07484394 -0.26236392 -0.15610283]
 [ 0.75936684 -0.30804761 -0.20542852 -0.1121752  -0.08378194  0.9764808 ]
 [ 1.01476966  0.44150109  2.41493086  2.45258121  1.86680099  1.51363221]
 [-1.02533124 -0.60118257 -0.39022592 -0.41229062 -0.43255389 -0.42867058]
 [ 0.39986619 -0.27752864 -0.44687272 -0.544427   -0.41954898 -0.57367686]
 [-0.68129873 -0.20211159  0.9064289   0.8779382   0.22320899 -0.28655088]
 [-0.14846309  0.61142007  0.22112946  0.51167052  2.68970553  0.34565627]]
Membership Vector:
 [0 5 3 4 3 4 3 4 4 4 3 3 5 3 4 4 4 4 0 0 4 4 4 4 5 4 4 3 0 3 3 4 4 0 4 2 5
 3 0 4 5 5 0 3 3 3 4 4 4 3 4 3 5 4 3 3 3 3 4 4 5 4 4 4 3 4 4 3 4 4 4 4 3 4
 3 4 6 4 4 4 0 3 0 4 6 4 3 4 4 3 3 3 1 3 5 4 5 6 4 4 3 4 3 0 0 3 0 0 4 0 5
 0 3 0 6 3 4 3 0 4 1 0 0 4 0 4 1 1 3 4 1 1 6 2 3 3 3 1 6 1 1 1 1 1 1 1 1 2
 1 1 5 1 1 3 1 1 2 0 0 1 1 1 1 1 3 1 2 6 2 1 0 1 1 0 2 1 1 1 2 1 2 6 2 1 1
 2 2 1 2 2 3 3 0 0 4 4 3 3 4 0 4 3 0 5 6 4 4 0 0 3 0 3 0 0 4 0 4 0 3 0 0 4
 3 3 4 3 5 5 5 5 4 3 2 4 3 4 4 4 4 3 3 3 3 3 4 4 4 4 4 5 0 6 4 5 5 3 3 3 3
 4 5 4 4 4 3 0 4 0 5 4 3 4 4 4 4 3 3 5 4 1 3 3 3 3 1 2 4 1 5 4 4 3 4 6 5 3
 3 5 4 2 1 4 1 1 0 1 6 5 1 0 5 2 1 1 1 2 2 1 1 1 0 1 2 3 1 5 1 1 0 3 6 1 1
 6 0 1 0 1 1 5 1 2 2 1 2]
MSSC:
 921.1570353405046
Time:
 87.15462827682495

******* Ending Particle Swarm Clustering **********************************************************************************



Process finished with exit code 0
