C:\Users\mistr\OneDrive\Desktop\pythonProject\KMeanDE\venv\Scripts\python.exe C:/Users/mistr/OneDrive/Desktop/pythonProject/KMeanDE/main.py
Launching Tester
Searching for the dataset...

Dataset found

******* Starting KMeansDE ****************************************************************************************************************
Dataset: bupa2
Dataset will be scaled
Number of clusters: 3
Tolerance: 0.0001
Size of population: 100
Fit maximum iteration limit: 5000
KMeans subroutine maximum iteration limit: 5000

Cntroids:
 [[ 0.01271799  1.3276315 ]
 [-0.97643792 -0.48768934]
 [ 0.68906449 -0.43099208]]
Membership Vector:
 [0 1 1 0 1 2 1 1 2 2 1 1 2 1 2 0 1 0 0 0 2 2 2 2 1 2 2 1 0 1 1 2 2 0 2 2 1
 1 0 1 0 1 0 0 1 1 2 2 2 1 1 1 2 2 1 1 1 1 2 2 2 2 2 2 1 0 1 1 2 2 2 2 1 2
 1 0 0 2 2 2 0 1 0 2 2 2 1 2 0 1 1 1 2 1 1 2 1 0 1 2 1 2 1 0 0 1 0 0 2 0 1
 0 1 0 0 1 2 1 0 2 2 0 0 0 0 2 2 2 1 2 2 2 1 2 1 1 1 2 2 2 0 2 2 2 2 0 2 2
 2 2 1 0 2 1 2 2 2 0 0 2 0 2 2 2 1 1 0 0 0 2 0 2 2 0 2 2 2 2 0 2 2 0 2 1 2
 2 0 0 2 0 1 1 0 0 2 0 1 1 2 0 2 1 0 1 0 0 2 0 0 1 0 1 0 0 2 0 0 0 1 0 0 0
 1 1 2 1 0 1 1 1 2 1 2 2 1 2 2 2 2 1 1 1 1 1 2 0 2 2 2 2 0 1 2 2 1 1 1 1 1
 2 1 0 2 2 1 0 0 0 1 2 1 2 2 2 2 1 1 1 2 2 1 1 1 1 2 0 2 2 1 2 2 1 2 1 0 1
 1 1 2 2 2 2 2 2 0 2 2 1 2 0 2 0 2 2 2 2 2 0 2 0 0 2 2 1 2 2 2 1 0 1 2 2 2
 0 0 2 0 0 0 1 2 2 2 2 0]
MSSC:
 308.32579088645696
Time:
 7.728895425796509

******* Ending KMeansDE **************************************************************************************************


******* Starting Particle Swarm Clustering *********************************************************************************************
Dataset: bupa2
Dataset will be scaled
Number of clusters: 3
Tolerance: 0.001
Size of population: 20
Fit maximum iteration limit: 5000

Centroids:
 [[-0.97643792 -0.48768934]
 [ 0.01271799  1.3276315 ]
 [ 0.68906447 -0.43099208]]
Membership Vector:
 [1 0 0 1 0 2 0 0 2 2 0 0 2 0 2 1 0 1 1 1 2 2 2 2 0 2 2 0 1 0 0 2 2 1 2 2 0
 0 1 0 1 0 1 1 0 0 2 2 2 0 0 0 2 2 0 0 0 0 2 2 2 2 2 2 0 1 0 0 2 2 2 2 0 2
 0 1 1 2 2 2 1 0 1 2 2 2 0 2 1 0 0 0 2 0 0 2 0 1 0 2 0 2 0 1 1 0 1 1 2 1 0
 1 0 1 1 0 2 0 1 2 2 1 1 1 1 2 2 2 0 2 2 2 0 2 0 0 0 2 2 2 1 2 2 2 2 1 2 2
 2 2 0 1 2 0 2 2 2 1 1 2 1 2 2 2 0 0 1 1 1 2 1 2 2 1 2 2 2 2 1 2 2 1 2 0 2
 2 1 1 2 1 0 0 1 1 2 1 0 0 2 1 2 0 1 0 1 1 2 1 1 0 1 0 1 1 2 1 1 1 0 1 1 1
 0 0 2 0 1 0 0 0 2 0 2 2 0 2 2 2 2 0 0 0 0 0 2 1 2 2 2 2 1 0 2 2 0 0 0 0 0
 2 0 1 2 2 0 1 1 1 0 2 0 2 2 2 2 0 0 0 2 2 0 0 0 0 2 1 2 2 0 2 2 0 2 0 1 0
 0 0 2 2 2 2 2 2 1 2 2 0 2 1 2 1 2 2 2 2 2 1 2 1 1 2 2 0 2 2 2 0 1 0 2 2 2
 1 1 2 1 1 1 0 2 2 2 2 1]
MSSC:
 308.325790886457
Time:
 23.392674207687378

******* Ending Particle Swarm Clustering **********************************************************************************


******* Starting KMeansDE ****************************************************************************************************************
Dataset: bupa2
Dataset will be scaled
Number of clusters: 5
Tolerance: 0.0001
Size of population: 100
Fit maximum iteration limit: 5000
KMeans subroutine maximum iteration limit: 5000

Cntroids:
 [[ 1.50793746 -0.22011993]
 [ 0.16423389 -0.70244653]
 [ 0.38144389  1.87755114]
 [-1.30522624 -0.67515554]
 [-0.35463228  0.54864637]]
Membership Vector:
 [4 3 3 4 4 0 1 4 1 1 1 3 1 4 0 4 1 4 2 2 1 1 1 0 4 1 1 4 2 3 4 1 4 4 0 4 3
 3 4 1 4 4 2 4 3 1 1 0 4 3 4 3 1 1 3 3 4 1 0 1 1 4 1 1 4 4 1 3 0 1 1 1 3 4
 3 4 4 0 1 0 2 1 2 1 1 1 1 1 4 4 4 3 0 4 1 1 3 4 1 4 3 1 1 4 4 1 4 2 1 2 4
 4 3 4 2 3 1 3 4 1 0 4 2 4 4 1 4 1 3 4 1 1 4 0 3 3 3 1 4 0 4 0 1 1 0 4 0 0
 1 1 3 4 1 1 0 0 4 4 2 4 2 1 1 4 1 1 4 2 4 0 4 0 1 2 1 0 1 1 2 1 1 2 4 3 0
 0 2 2 4 0 4 1 4 2 0 4 3 4 0 4 1 3 2 4 2 4 4 4 4 4 2 3 2 2 1 2 4 2 1 2 4 4
 4 3 1 3 4 4 3 3 1 3 0 0 3 1 0 1 1 3 3 3 3 3 1 4 1 1 1 1 4 3 0 1 4 4 3 3 1
 1 4 2 0 1 4 2 4 2 3 1 1 0 4 1 1 1 3 3 1 0 3 1 3 3 0 2 1 1 3 1 1 3 1 3 4 1
 3 4 0 1 0 1 1 0 2 0 4 3 1 2 1 2 1 1 1 0 0 4 0 2 2 1 0 3 1 1 1 3 2 3 0 0 0
 4 2 1 2 2 4 3 0 0 0 1 2]
MSSC:
 206.2724171748938
Time:
 16.153066396713257

******* Ending KMeansDE **************************************************************************************************


******* Starting Particle Swarm Clustering *********************************************************************************************
Dataset: bupa2
Dataset will be scaled
Number of clusters: 5
Tolerance: 0.001
Size of population: 20
Fit maximum iteration limit: 5000

Centroids:
 [[ 0.21567474 -0.47964717]
 [-0.5920509   0.66596271]
 [ 0.37363042  1.73626905]
 [-1.16066091 -0.79183117]
 [ 1.52118443 -0.23615024]]
Membership Vector:
 [1 3 3 1 1 4 0 0 0 0 0 3 0 1 4 1 0 1 2 2 0 0 0 4 1 0 0 0 2 3 1 0 0 1 4 0 3
 3 1 0 1 0 2 1 3 0 0 4 0 3 1 3 0 0 3 3 1 3 4 0 0 0 0 0 1 1 0 3 4 0 0 0 3 0
 3 1 1 4 0 4 2 0 2 0 0 0 3 0 0 1 1 3 4 0 0 0 3 1 0 0 3 0 0 1 1 3 1 2 0 2 1
 1 3 1 2 3 0 3 1 0 4 1 2 1 1 0 0 0 3 1 0 0 1 4 3 3 3 0 0 4 1 4 0 0 4 1 4 4
 0 0 3 1 0 3 4 4 0 2 2 0 2 0 0 0 3 0 0 2 2 4 1 4 0 2 0 4 0 0 2 0 0 2 0 3 4
 4 2 2 0 2 1 3 1 2 4 2 3 1 4 1 0 3 2 1 2 1 0 1 1 1 2 3 2 2 0 2 1 2 3 2 1 1
 1 3 0 3 1 1 3 3 0 3 4 4 3 0 4 0 0 3 3 3 3 3 0 1 0 0 0 0 1 1 4 0 1 1 3 3 3
 0 1 2 4 0 1 2 1 2 3 0 3 4 0 0 0 3 3 3 0 4 3 0 3 3 4 2 0 0 1 0 0 3 0 3 1 3
 3 1 4 0 4 0 0 4 2 4 0 3 0 2 0 2 0 0 0 4 4 1 4 2 2 0 4 3 0 0 0 3 2 3 4 4 4
 1 2 0 2 2 1 3 4 4 4 0 2]
MSSC:
 207.7689695869737
Time:
 63.90906476974487

******* Ending Particle Swarm Clustering **********************************************************************************


******* Starting KMeansDE ****************************************************************************************************************
Dataset: bupa2
Dataset will be scaled
Number of clusters: 7
Tolerance: 0.0001
Size of population: 100
Fit maximum iteration limit: 5000
KMeans subroutine maximum iteration limit: 5000

Cntroids:
 [[ 1.56154266  0.3099195 ]
 [-0.82191362 -0.85374399]
 [ 0.04942473  0.08583237]
 [-0.94862929  0.84945233]
 [ 0.12592851  2.04371004]
 [ 0.60256971 -0.91425726]
 [-2.18224421 -0.53870055]]
Membership Vector:
 [3 1 1 2 2 0 1 2 5 2 1 6 2 3 0 2 2 2 4 4 5 5 2 0 3 2 5 2 4 1 3 5 2 3 5 2 1
 6 3 2 3 2 4 3 1 1 5 5 2 1 2 1 5 5 1 1 3 1 0 2 5 2 5 5 2 2 2 1 0 2 2 2 1 2
 1 2 3 0 5 0 4 1 4 5 5 5 1 2 2 3 2 1 0 2 2 5 6 3 2 2 1 5 2 2 3 1 2 4 2 4 3
 3 1 3 4 1 5 1 3 5 5 3 4 2 3 2 2 5 1 2 2 5 3 5 1 1 1 5 2 0 2 5 2 5 5 2 0 5
 5 2 6 2 2 1 0 5 2 2 4 2 0 5 5 2 1 2 2 4 2 0 3 5 2 4 2 0 2 5 4 5 2 4 2 1 0
 0 4 0 2 0 3 1 3 0 0 2 6 2 0 3 2 6 4 3 4 2 2 2 2 3 4 6 4 4 2 4 2 4 1 4 3 2
 2 6 2 1 3 3 6 1 5 1 0 0 6 5 0 2 5 1 1 1 1 6 2 2 5 5 5 2 3 3 5 5 3 2 1 1 1
 2 2 2 0 5 3 0 3 4 1 5 1 5 2 5 2 1 6 1 5 5 1 1 6 6 0 4 5 5 3 2 5 1 2 1 2 1
 1 2 5 5 5 5 5 5 4 0 2 1 2 0 5 0 5 2 5 0 0 2 0 0 4 5 0 1 5 5 2 1 4 6 0 0 0
 3 4 5 4 4 3 1 0 0 0 2 0]
MSSC:
 152.29484694478793
Time:
 24.860339641571045

******* Ending KMeansDE **************************************************************************************************


******* Starting Particle Swarm Clustering *********************************************************************************************
Dataset: bupa2
Dataset will be scaled
Number of clusters: 7
Tolerance: 0.001
Size of population: 20
Fit maximum iteration limit: 5000

Centroids:
 [[-0.58266517  1.71631555]
 [ 0.16988261 -0.02574719]
 [ 0.02730553 -1.13814491]
 [-0.95301401 -0.16706138]
 [ 0.81542534  1.41260574]
 [ 1.50656882 -0.32617917]
 [-2.23535459 -0.87039113]]
Membership Vector:
 [0 3 3 1 3 5 3 3 2 1 2 6 1 3 5 1 1 1 0 4 1 2 1 5 3 1 2 3 4 2 3 2 1 0 5 1 3
 6 3 1 0 1 0 3 3 3 2 5 1 6 1 3 2 2 2 3 3 2 5 1 2 1 2 2 3 1 1 3 5 1 1 1 3 1
 3 1 0 5 2 5 4 2 4 5 1 5 2 1 1 3 3 2 5 3 1 2 6 0 1 1 3 1 1 1 0 2 1 0 1 0 3
 0 2 3 0 3 2 3 0 2 5 0 0 1 0 1 1 2 6 1 1 1 3 5 3 2 3 2 1 5 1 5 1 1 5 1 5 5
 1 1 6 1 1 2 5 5 1 4 4 1 4 2 2 1 2 1 1 4 4 5 0 5 1 4 1 5 1 1 4 2 1 4 1 3 5
 4 4 4 1 4 3 2 0 4 5 4 6 3 5 0 1 6 0 3 4 1 1 0 1 3 0 6 0 0 1 0 1 4 2 0 0 1
 3 6 1 3 3 3 3 3 5 3 5 1 3 2 5 1 2 3 3 3 3 6 1 1 1 1 1 1 0 3 5 1 3 3 2 3 3
 1 3 4 5 2 3 4 0 0 3 1 2 5 1 2 1 2 3 3 2 5 3 2 6 3 5 4 2 2 3 1 2 2 1 3 4 2
 3 1 5 2 5 2 2 5 4 1 1 3 1 4 2 4 2 1 2 4 5 1 5 4 0 2 5 3 2 2 1 3 4 6 5 5 5
 0 0 2 0 4 0 3 5 5 5 1 4]
MSSC:
 163.11662903303449
Time:
 93.17912888526917

******* Ending Particle Swarm Clustering **********************************************************************************



Process finished with exit code 0
