C:\Users\mistr\OneDrive\Desktop\pythonProject\KMeanDE\venv\Scripts\python.exe C:/Users/mistr/OneDrive/Desktop/pythonProject/KMeanDE/main.py
Launching Tester
Searching for the dataset...

Dataset found

******* Starting KMeansDE ****************************************************************************************************************
Dataset: bupa2
Dataset will not be scaled
Number of clusters: 3
Tolerance: 0.0001
Size of population: 100
Fit maximum iteration limit: 5000
KMeans subroutine maximum iteration limit: 5000

Cntroids:
 [[ 89.75333333  54.28      ]
 [ 90.55        74.11428571]
 [ 90.27272727 101.58181818]]
Membership Vector:
 [2 0 0 1 1 0 0 1 0 0 0 0 0 1 1 1 1 1 2 2 0 0 0 1 1 1 0 1 2 0 1 0 1 2 1 1 0
 0 1 0 2 1 2 1 1 0 0 0 1 0 1 0 0 0 0 1 1 0 1 0 0 1 0 0 1 1 1 0 1 0 0 1 1 1
 0 1 2 1 0 1 2 0 2 0 0 0 0 1 1 1 1 0 1 1 0 0 0 2 1 1 0 0 0 1 2 0 1 2 1 2 1
 1 0 1 2 1 0 0 2 0 0 2 2 1 2 1 1 0 0 1 1 0 1 0 0 0 0 0 1 0 1 0 0 0 0 1 1 0
 0 0 0 1 0 0 0 0 1 1 2 1 2 0 0 1 0 0 1 2 1 1 2 0 0 2 1 1 1 0 2 0 0 2 1 1 0
 1 2 2 1 1 1 0 2 2 0 1 0 1 1 2 1 0 2 1 2 1 1 1 1 1 2 1 2 2 1 2 1 2 0 2 2 1
 1 0 0 0 1 1 1 0 0 0 1 1 1 0 1 1 0 0 0 0 0 0 1 1 0 0 1 0 2 1 0 0 1 1 0 1 0
 0 1 1 0 0 1 2 1 2 0 0 0 1 1 0 0 0 1 0 0 0 0 0 1 1 1 2 0 0 1 0 0 0 1 0 1 0
 0 1 0 0 0 0 0 0 2 1 1 0 1 2 0 2 0 1 0 1 1 1 1 2 2 0 1 0 0 0 1 0 2 0 1 1 1
 2 2 0 2 2 1 0 1 1 1 1 2]
MSSC:
 28273.22567099567
Time:
 9.282060384750366

******* Ending KMeansDE **************************************************************************************************


******* Starting Particle Swarm Clustering *********************************************************************************************
Dataset: bupa2
Dataset will not be scaled
Number of clusters: 3
Tolerance: 0.001
Size of population: 20
Fit maximum iteration limit: 5000

Centroids:
 [[ 89.78787879  53.04545455]
 [ 90.28813559 100.59322034]
 [ 90.42857143  72.51948053]]
Membership Vector:
 [1 2 0 2 2 0 0 2 0 0 0 0 2 2 2 2 2 2 1 1 0 0 0 2 2 2 0 2 1 0 2 0 2 1 2 2 0
 0 2 2 1 2 1 2 2 0 0 0 2 0 2 2 0 0 0 2 2 0 2 2 0 2 0 0 2 2 2 0 2 2 2 2 2 2
 0 2 1 2 0 2 1 0 1 0 0 0 0 2 2 2 2 0 2 2 0 0 0 1 2 2 0 0 2 2 1 0 2 1 2 1 2
 2 0 2 1 2 0 0 1 0 0 1 1 2 1 2 2 0 0 2 2 2 2 0 0 0 2 0 2 0 2 0 2 0 0 2 2 0
 0 2 0 2 2 0 0 0 2 1 1 2 1 0 0 2 0 2 2 1 2 2 1 0 0 1 2 2 2 0 1 0 0 1 2 2 0
 2 1 1 2 2 2 0 1 1 0 2 0 2 2 1 2 0 1 2 1 2 2 1 2 2 1 2 1 1 2 1 2 1 0 1 1 2
 2 0 2 0 2 2 2 0 0 0 2 2 2 0 2 2 0 0 0 0 0 0 2 2 0 0 2 2 1 2 0 0 2 2 0 2 0
 0 2 1 0 0 2 1 2 1 0 0 0 2 2 0 2 0 2 0 0 0 0 0 2 2 2 1 0 0 2 2 0 0 2 0 2 0
 0 2 0 0 0 0 0 0 1 2 2 0 2 1 0 1 0 2 0 2 2 2 2 1 1 0 2 0 0 0 2 0 1 0 2 2 2
 1 1 0 1 1 1 0 2 2 2 2 1]
MSSC:
 28442.282705994567
Time:
 66.64042043685913

******* Ending Particle Swarm Clustering **********************************************************************************


******* Starting KMeansDE ****************************************************************************************************************
Dataset: bupa2
Dataset will not be scaled
Number of clusters: 5
Tolerance: 0.0001
Size of population: 100
Fit maximum iteration limit: 5000
KMeans subroutine maximum iteration limit: 5000

Cntroids:
 [[ 89.86792453  45.62264151]
 [ 89.78518519  61.13333333]
 [ 90.7826087   75.93478261]
 [ 90.375       93.33333333]
 [ 90.05882353 115.76470588]]
Membership Vector:
 [3 1 1 2 2 1 1 1 1 1 0 1 1 2 1 2 1 2 4 4 1 0 1 1 2 2 0 1 3 0 2 1 2 3 1 2 1
 0 3 1 3 1 3 2 1 1 1 0 2 0 2 1 1 0 0 1 2 0 1 1 0 2 1 0 2 2 1 0 2 1 1 1 1 2
 1 2 3 2 1 2 3 0 3 1 1 1 0 1 2 2 1 0 2 1 1 0 1 3 1 2 1 1 1 2 3 0 2 4 1 4 2
 3 0 2 3 1 0 1 3 1 1 3 4 2 3 1 2 1 0 2 1 1 2 0 1 0 1 1 2 1 2 1 1 1 0 2 2 1
 1 1 1 2 1 0 1 0 2 3 3 2 3 0 1 2 1 1 2 3 2 2 3 0 1 3 1 2 2 1 3 0 1 3 2 1 1
 2 4 3 2 2 2 1 3 3 1 3 0 2 2 3 2 1 4 2 3 2 2 3 2 2 4 1 4 4 1 3 2 3 0 4 3 2
 2 1 1 1 2 2 2 1 1 1 2 2 1 1 1 1 1 1 1 1 1 0 1 2 1 1 1 1 3 2 1 1 2 2 0 1 1
 1 2 3 1 0 2 3 3 4 1 1 1 1 2 1 1 0 2 1 1 0 1 0 1 2 2 4 0 0 2 1 1 0 1 1 3 0
 0 2 1 0 1 0 0 0 3 2 2 1 1 3 0 3 0 1 0 3 1 2 2 3 4 0 2 0 1 0 2 1 4 1 2 2 2
 3 4 0 4 3 3 1 2 2 2 1 3]
MSSC:
 15466.076208489045
Time:
 11.502674102783203

******* Ending KMeansDE **************************************************************************************************


******* Starting Particle Swarm Clustering *********************************************************************************************
Dataset: bupa2
Dataset will not be scaled
Number of clusters: 5
Tolerance: 0.001
Size of population: 20
Fit maximum iteration limit: 5000

Centroids:
 [[ 90.02        66.77      ]
 [ 90.4871795   80.46153846]
 [ 89.88157895  56.51315789]
 [ 90.41666667 103.27083333]
 [ 90.09302326  44.1860465 ]]
Membership Vector:
 [3 0 2 1 0 2 0 0 2 2 2 0 0 1 0 1 0 1 3 3 2 4 2 0 1 0 4 0 3 4 1 2 1 3 0 0 2
 4 1 0 3 0 3 1 0 2 2 4 1 4 1 0 2 4 2 0 1 4 0 0 4 0 2 2 0 1 0 2 1 0 0 0 0 0
 2 1 1 0 2 1 3 2 3 2 2 2 4 0 1 1 0 4 0 0 0 2 2 1 0 1 2 2 0 1 3 4 1 3 0 3 1
 1 4 1 3 0 4 2 1 2 2 3 3 1 3 0 0 2 4 1 0 0 1 4 2 4 0 2 0 2 1 2 0 0 4 1 0 0
 0 0 2 1 0 4 2 4 1 1 3 0 3 4 2 1 2 0 1 3 1 0 3 4 0 3 0 0 0 2 3 4 0 3 1 0 2
 1 3 3 1 1 1 2 3 1 0 1 4 1 1 3 0 2 3 1 3 1 0 1 1 1 3 0 3 3 0 3 1 3 4 3 1 1
 0 0 0 2 1 1 1 2 2 2 1 1 0 2 0 0 2 2 0 2 2 4 0 1 2 2 0 0 3 1 0 2 1 0 4 0 2
 2 0 1 2 4 1 1 1 3 2 2 2 0 0 2 0 4 0 2 2 4 0 4 0 0 0 3 4 4 0 0 2 4 0 2 1 4
 2 0 2 4 2 2 4 4 3 0 0 2 0 3 2 3 4 0 4 1 0 1 1 3 3 4 1 4 2 2 0 2 3 2 0 1 1
 1 3 4 3 3 1 2 1 0 1 0 3]
MSSC:
 17404.748215720425
Time:
 60.988290548324585

******* Ending Particle Swarm Clustering **********************************************************************************


******* Starting KMeansDE ****************************************************************************************************************
Dataset: bupa2
Dataset will not be scaled
Number of clusters: 7
Tolerance: 0.0001
Size of population: 100
Fit maximum iteration limit: 5000
KMeans subroutine maximum iteration limit: 5000

Cntroids:
 [[ 90.92957746  76.90140845]
 [ 89.62222222  65.66666667]
 [ 90.33333333  90.07692308]
 [ 89.67567568  43.24324324]
 [ 90.55555556 123.        ]
 [ 90.20512821  55.78205128]
 [ 90.04761905 103.04761905]]
Membership Vector:
 [2 1 5 0 1 5 1 1 5 5 5 1 1 0 1 0 1 0 6 4 5 3 5 1 0 1 3 1 6 3 0 5 0 2 1 0 5
 3 2 1 2 1 6 2 1 1 5 5 0 3 0 1 5 3 5 1 0 3 1 1 3 0 5 5 1 0 1 5 0 1 1 1 1 0
 5 0 2 0 5 0 6 5 6 5 5 5 3 1 0 0 1 3 1 1 1 5 1 2 1 0 5 1 1 2 2 3 0 6 1 6 0
 2 3 0 2 1 3 5 2 5 5 6 4 0 2 1 0 5 3 0 1 1 0 3 5 3 1 5 1 5 0 5 1 1 5 0 1 1
 1 1 5 0 1 3 5 3 0 2 6 0 2 5 5 0 5 1 0 2 2 0 6 3 1 2 1 0 1 5 2 5 1 2 0 1 5
 0 6 2 0 0 0 5 6 2 1 2 3 0 0 2 1 5 6 0 2 0 0 2 0 0 4 1 6 4 1 6 2 6 3 4 2 0
 1 1 1 5 0 0 0 5 5 5 0 0 1 5 1 1 5 5 1 5 5 3 1 0 5 5 1 1 2 0 1 5 0 1 3 1 5
 1 1 2 5 3 0 2 2 6 5 5 5 1 1 5 1 3 1 5 5 5 1 3 1 1 1 4 3 3 0 1 5 3 1 5 2 3
 5 0 5 3 5 5 3 3 6 0 0 5 1 6 5 2 3 1 3 2 1 0 0 2 6 3 0 5 5 5 1 5 4 5 0 0 0
 2 4 3 4 2 2 5 0 1 0 1 6]
MSSC:
 11270.60792302905
Time:
 22.269144296646118

******* Ending KMeansDE **************************************************************************************************


******* Starting Particle Swarm Clustering *********************************************************************************************
Dataset: bupa2
Dataset will not be scaled
Number of clusters: 7
Tolerance: 0.001
Size of population: 20
Fit maximum iteration limit: 5000

Centroids:
 [[ 90.52272728  65.94318182]
 [ 91.25        32.75      ]
 [ 90.46052632  77.7631579 ]
 [ 89.28947368  56.56578946]
 [ 90.05882353 115.76470588]
 [ 90.51111105  93.88888889]
 [ 89.97435897  45.35897436]]
Membership Vector:
 [5 0 3 2 0 3 0 0 3 3 3 3 0 2 0 2 0 2 4 4 3 1 3 0 2 0 6 0 5 6 2 3 2 5 0 2 3
 6 2 0 5 0 5 2 0 3 3 6 2 6 2 0 3 6 3 0 2 6 0 0 6 2 3 3 0 2 0 3 2 0 0 0 0 2
 3 2 5 2 3 2 5 3 5 3 3 3 6 0 2 2 0 6 0 0 0 3 3 5 0 2 3 0 0 2 5 1 2 4 0 4 2
 5 6 2 5 0 6 3 5 3 3 5 4 2 5 0 2 3 6 2 0 0 2 6 3 6 0 3 0 3 2 3 0 0 6 2 0 0
 0 0 3 2 0 1 0 6 2 5 5 2 5 6 3 2 3 0 2 5 2 0 5 6 0 5 0 0 0 3 5 6 0 5 2 0 3
 2 4 5 2 2 2 3 5 5 0 2 6 2 2 5 0 3 4 2 5 2 2 5 2 2 4 0 4 4 0 5 2 5 6 4 5 2
 0 3 0 3 2 2 2 3 3 3 2 2 0 3 0 0 3 3 0 3 3 6 0 2 3 3 0 0 5 2 0 3 2 0 6 0 3
 3 0 5 3 6 2 5 2 4 3 3 3 0 0 3 0 6 2 3 3 6 0 6 0 0 0 4 6 6 2 0 3 6 0 3 5 6
 3 2 3 6 3 3 6 6 5 0 2 3 0 5 3 5 6 0 1 5 0 2 2 5 4 6 2 6 3 3 0 3 4 3 2 2 2
 5 4 6 4 5 5 3 2 0 2 0 5]
MSSC:
 12266.729114014639
Time:
 57.02669310569763

******* Ending Particle Swarm Clustering **********************************************************************************



Process finished with exit code 0
